[TELA_TFrPessoaFisica]
Quantidade=13
UltimaVezAberto=17/05/2025 14:28:36
TempoAberto=00:00:12.7987454

[TELA_TFrPessoaJuridica]
Quantidade=13
UltimaVezAberto=17/05/2025 14:28:37
TempoAberto=00:00:01.7141082
