[TELA_TFrPessoaFisica]
Quantidade=11
UltimaVezAberto=17/05/2025 14:15:09
TempoAberto=00:00:21.5401129

[TELA_TFrPessoaJuridica]
Quantidade=11
UltimaVezAberto=17/05/2025 14:15:09
TempoAberto=00:00:01.6823887
