[TELA_TFrPessoaFisica]
Quantidade=12
UltimaVezAberto=17/05/2025 14:16:45
TempoAberto=00:00:03.0506051

[TELA_TFrPessoaJuridica]
Quantidade=12
UltimaVezAberto=17/05/2025 14:16:45
TempoAberto=00:00:01.6504990
